0 0.089907 0.252351 0.015075 0.019458
0 0.148484 0.300087 0.016620 0.023252
0 0.171748 0.300612 0.018177 0.023601
0 0.262201 0.300481 0.017782 0.025787
0 0.319222 0.301276 0.018235 0.025280
0 0.341858 0.279266 0.017793 0.025280
0 0.401278 0.279056 0.017189 0.025280
0 0.475087 0.267745 0.013821 0.020804
0 0.513902 0.279948 0.017259 0.026818
0 0.593380 0.287850 0.014634 0.021154
0 0.615865 0.293007 0.014495 0.017832
0 0.089472 0.394589 0.018037 0.027955
0 0.181359 0.394851 0.018049 0.027955
0 0.204245 0.394371 0.018037 0.028042
0 0.257143 0.379493 0.011847 0.019685
0 0.294901 0.438287 0.017677 0.030070
0 0.317184 0.439117 0.017689 0.029283
0 0.354181 0.379729 0.011847 0.019668
0 0.374460 0.394143 0.017677 0.029895
0 0.464750 0.372010 0.018931 0.029895
0 0.488182 0.372448 0.018757 0.029895
0 0.467909 0.488698 0.011847 0.019668
0 0.586179 0.460411 0.010685 0.019388
0 0.569338 0.366180 0.011847 0.021136
0 0.585877 0.399703 0.012451 0.020385
0 0.631974 0.377675 0.013635 0.022273
0 0.567305 0.316128 0.010569 0.020017
0 0.567305 0.335682 0.010801 0.016748
0 0.674721 0.514248 0.013322 0.018706
0 0.657497 0.580446 0.012323 0.020682
0 0.698914 0.582955 0.010604 0.018706
0 0.752027 0.535629 0.012091 0.019161
0 0.740302 0.563890 0.012311 0.016591
0 0.740407 0.580524 0.012311 0.016573
0 0.718990 0.605944 0.011963 0.019231
0 0.731249 0.606206 0.012067 0.019231
0 0.694483 0.663811 0.018931 0.027622
0 0.755749 0.664580 0.019977 0.027622
0 0.755923 0.698558 0.019977 0.028759
0 0.617654 0.693147 0.014866 0.022797
0 0.694408 0.698881 0.019477 0.027622
0 0.694739 0.783129 0.020372 0.027622
0 0.755854 0.784003 0.020000 0.027622
