0 0.733953 0.576158 0.011851 0.018648
0 0.733957 0.594330 0.012163 0.017347
0 0.712468 0.622009 0.012155 0.019812
0 0.725126 0.622171 0.012353 0.019987
0 0.611657 0.715907 0.013092 0.023004
0 0.688538 0.684055 0.019269 0.029637
0 0.688561 0.721996 0.019269 0.029625
0 0.748964 0.685607 0.019269 0.029637
0 0.748987 0.721777 0.019269 0.029637
0 0.688469 0.814518 0.019269 0.028786
0 0.749082 0.814894 0.019581 0.028786
0 0.087521 0.238905 0.014646 0.022416
0 0.146516 0.291815 0.018393 0.028886
0 0.169113 0.292891 0.018393 0.030488
0 0.259981 0.292916 0.017906 0.030488
0 0.316260 0.292741 0.017441 0.030488
0 0.337947 0.269136 0.017906 0.030488
0 0.396599 0.269556 0.017906 0.030501
0 0.468812 0.255569 0.016070 0.023780
0 0.508743 0.269043 0.017898 0.032453
0 0.588568 0.276783 0.014303 0.022904
0 0.610240 0.285294 0.014554 0.025156
0 0.088043 0.392541 0.018431 0.032441
0 0.178294 0.393805 0.017517 0.029912
0 0.200541 0.393154 0.017517 0.031114
0 0.291596 0.440607 0.018027 0.032428
0 0.313210 0.439956 0.018027 0.032428
0 0.369798 0.392710 0.018363 0.031602
0 0.461222 0.368554 0.018363 0.032103
0 0.483332 0.368567 0.018363 0.032103
0 0.464524 0.495701 0.014806 0.023041
0 0.564455 0.361483 0.014806 0.023041
0 0.578290 0.465150 0.015392 0.023041
0 0.580373 0.397685 0.014273 0.025407
0 0.625944 0.374105 0.013960 0.025407
0 0.669139 0.522290 0.013831 0.022753
0 0.560625 0.329368 0.013252 0.020188
0 0.560434 0.308805 0.013252 0.020188
0 0.652643 0.593329 0.013831 0.022753
0 0.694113 0.596840 0.013831 0.023217
0 0.746367 0.545688 0.013831 0.023217
